8
-6
-6
77
22
-23
-17
4
12
-26
-7
-17
-2
54
33
-9
-5
11
11
-16
38
-16
-1
-7
-12
5
-21
25
13
11
-21
0
14
-20
26
20
6
-1
4
-1
30
9
4
-68
-41
16
-9
3
-4
24
-22
35
10
12
11
-5
0
-36
-6
-24
31
-19
10
-1
13
15
-24
29
22
4
-16
-1
2
-53
-11
16
18
-3
-11
18
16
17
-6
-34
-43
-5
-2
-13
-13
11
-13
-16
10
7
36
14
0
13
12
-4
-46
25
-13
-26
-27
-14
38
-41
-36
3
24
-50
-10
-27
-11
13
2
49
8
34
9
7
-1
-59
-35
10
5
-4
-11
21
24
7
9
-20
-8
10
-18
3
8
2
23
-4
-16
18
-30
-21
-8
4
-5
3
0
-35
7
23
43
14
-7
33
22
-2
-14
30
-10
-24
-38
-14
15
-35
-26
2
10
-4
-8
61
10
-22
-15
2
8
-20
-32
-8
-7
68
37
-20
10
-7
0
-25
57
-33
-9
4
-22
-2
-27
44
17
18
16
1
18
1
25
17
-23
10
21
-9
30
-52
-10
-28
-13
13
-2
53
10
35
3
34
-6
-17
-39
-15
1
-32
-19
-3
20
-18
8
46
35
2
-27
24
26
-16
-14
0
10
-18
17
15
4
-1
3
0
-13
29
-7
-15
-30
-14
12
-33
-22
-3
33
-37
6
3
19
17
-23
45
26
10
-10
20
10
-45
-9
14
5
-18
-8
4
-33
-13
-7
63
38
-16
11
-2
1
-22
75
-45
-3
-31
-28
16
-34
62
25
35
-19
32
20
-17
17
13
-2
-28
0
-16
-10
28
1
7
-7
-10
0
-29
-9
-15
6
-17
4
22
24
4
-11
18
15
-5
8
8
2
-14
-11
2
-5
-4
-1
2
7
9
5
13
6
-1
-13
-5
6
-11
-48
33
-7
0
-9
-17
29
-48
-29
-14
61
-51
-3
-14
-9
15
-29
63
27
29
-14
32
12
-21
0
6
0
-30
-7
-11
15
0
9
-10
5
11
-14
7
10
0
-36
21
5
-4
11
0
16
-29
-12
-12
9
-18
-4
-27
-13
8
4
17
-1
19
-3
-3
2
-43
-12
13
9
3
-6
16
-16
12
0
35
15
-12
0
-17
-2
-20
27
-24
2
8
8
7
-18
30
17
6
1
12
8
-16
1
8
-5
-8
1
-3
-2
5
8
-16
4
10
-2
-3
2
0
-23
22
-3
2
-6
-10
12
-29
-15
-10
-17
-13
-9
23
10
-10
12
3
-4
-3
10
-12
-14
4
-20
-11
2
9
-5
9